9.484230705802672023e-01
9.477375230358493496e-01
9.480313038881362786e-01
9.483699303805444014e-01
9.490658895874022338e-01
9.487358703613282263e-01
9.472208099365237999e-01
9.444102799849081187e-01
9.458335121385975652e-01
9.489083667732001182e-01
9.511448669433595349e-01
9.501619776870267042e-01
9.489606652462124758e-01
9.490006033276235931e-01
9.484324213005521642e-01
9.466139470880675644e-01
9.485527080374045461e-01
9.488521220128676159e-01
9.487298904021835844e-01
9.491224368681077106e-01
9.468316308593760500e-01
9.491237537585326400e-01
9.528155621717430135e-01
9.542052574678301369e-01
9.504317768513677045e-01
9.508514889213477428e-01
9.533862667410738512e-01
9.485867999441992549e-01
9.466170119977684871e-01
9.485532861328083154e-01
9.551468356584777997e-01
9.535790631510429050e-01
9.500265845424141764e-01
9.457335617404500905e-01
9.475730023871513641e-01
9.457367328559055375e-01
9.445029660373214231e-01
9.509339439561581564e-01
9.542122965494771458e-01
9.540955402986028844e-01
9.500269697529596380e-01
9.525980616700655546e-01
9.540421099028725260e-01
9.528901539918834818e-01
9.539839066019132341e-01
9.562976448104628657e-01
9.598255962309931721e-01
9.592119282455775497e-01
9.587108910889716729e-01
9.583400066470154632e-01
9.549348311088674546e-01
9.546091655599856507e-01
9.571724937905599084e-01
9.567865182976977856e-01
9.575769492701455832e-01
9.596779911081390058e-01
9.582426295230281887e-01
9.594719670024611791e-01
9.643741820201736648e-01
9.629533472239819591e-01
9.608576087793130327e-01
9.587398480068134443e-01
9.585371389222754335e-01
9.582552133413477780e-01
9.569583653846169824e-01
9.596096996905518761e-01
9.626293829469279029e-01
9.609256988681913469e-01
9.612415660056066180e-01
9.629880634014397200e-01
9.648444325921448073e-01
9.655797110376609371e-01
9.650888257837546558e-01
9.649212121832434486e-01
9.647891346091248543e-01
9.646323315429690126e-01
9.656949276342121635e-01
9.668101129244288661e-01
9.668844599609373036e-01
9.662708442445433477e-01
9.649634657887091738e-01
9.626576386837882859e-01
9.622646420898371966e-01
9.662010708007744419e-01
9.684611987304658776e-01
9.695138770364968295e-01
9.657241146627355555e-01
9.648360388183546688e-01
9.674115310237185739e-01
9.682883356993128299e-01
9.687939964272105353e-01
9.689253496927399123e-01
9.682745575695526075e-01
9.671925942621019123e-01
9.687760593083045713e-01
9.694345736232874433e-01
9.682718987550836820e-01
9.667557565070177272e-01
9.650390705983191708e-01
9.666377340415363006e-01
9.679456854992360970e-01
9.684448816215691647e-01
9.710020253293702996e-01
9.742066692073184653e-01
9.735136585365868900e-01
9.731460789938123357e-01
9.728476014842395436e-01
9.706643199393480970e-01
9.684037982042947856e-01
9.720036311622033409e-01
9.734793907032639471e-01
9.723389915546085671e-01
9.688334298383611820e-01
9.655335684058686807e-01
9.694078476097376385e-01
9.716207673841739112e-01
9.714502089287986308e-01
9.702123365250292508e-01
9.686530852399600766e-01
9.672484977213576807e-01
9.669989115411268266e-01
9.689076503010168873e-01
9.690321642160697468e-01
9.678812126103439883e-01
9.685027369808002495e-01
9.693285960751469865e-01
9.700446140252957372e-01
9.721315527343667995e-01
9.752784142160595415e-01
9.735556003534291403e-01
9.713264272736752414e-01
9.698464697860471606e-01
9.706133732124619939e-01
9.737096670386817809e-01
9.749095944183430174e-01
9.757613961383015955e-01
9.774115382968182608e-01
9.780130901227719331e-01
9.765894215029802261e-01
9.762175906916177315e-01
9.763598261978296833e-01
9.763299458186255331e-01
9.762258262389267305e-01
9.759526882072786513e-01
9.778367776357335117e-01
9.815871483401565900e-01
9.790113263189670345e-01
9.756988802299533248e-01
9.786729056140894834e-01
9.781498541969646521e-01
9.727663135144308804e-01
9.741919447652649389e-01
9.785913625804469884e-01
9.813615680803484675e-01
9.829208811773320065e-01
9.803886707286557645e-01
9.802424402058176334e-01
9.820952457844449590e-01
9.835098005130424870e-01
9.845440454359719595e-01
9.821584026426847247e-01
9.812933273528268163e-01
9.834954201489749526e-01
9.832201510265328182e-01
9.812893292533183542e-01
9.825330813127586271e-01
9.835581897256614470e-01
9.808849198310413131e-01
9.807263474291316729e-01
9.838300139184377180e-01
9.836854031375500407e-01
9.824069315497865329e-01
9.825120448199220480e-01
9.835797352250194026e-01
9.867618241278952596e-01
9.870814811851789106e-01
9.849811228197752344e-01
9.840103110292105493e-01
9.836486679168290337e-01
9.865950277071109387e-01
9.880778492914286115e-01
9.872030743550177512e-01
9.855754370994727065e-01
9.835307153733314767e-01
9.842615473516265201e-01
9.854703254343055718e-01
9.881889743822567240e-01
9.897021468477479322e-01
9.894647376907712566e-01
9.878757237917956679e-01
9.859023192223914656e-01
9.872055720942568557e-01
9.888128561046406473e-01
9.912149552598011892e-01
9.931035923873487992e-01
9.943470707667099173e-01
9.973776909217393349e-01
1.000956853052167528e+00
1.001092500170330135e+00
9.989468897620195076e-01
9.922544717478480880e-01
9.893477839980022726e-01
9.891433219022538470e-01
9.936644234549989463e-01
9.961771869809267210e-01
9.887004103833897384e-01
9.862556288608154142e-01
9.899101641987484435e-01
9.901745323855413172e-01
9.892124393622943046e-01
9.864310839843875023e-01
9.848740969535527690e-01
9.848259702702849561e-01
9.883614701540301972e-01
9.947710501453199683e-01
9.907333569258891526e-01
9.867699970667724862e-01
9.901964713159360221e-01
9.927236598122695099e-01
9.959682011579024108e-01
9.965195858440023535e-01
9.953535946552444225e-01
9.964145408196840581e-01
9.966010322471159366e-01
9.953991759726750210e-01
9.943174752105465863e-01
9.933622359059767204e-01
9.951894066667992256e-01
9.970605269137036153e-01
9.985746894618967584e-01
9.976675619496133685e-01
9.945346684924485370e-01
9.963777749255802174e-01
9.989410999143455427e-01
9.994514103865994592e-01
9.991710324850409108e-01
9.974933789495170622e-01
9.985482459455785609e-01
1.000556577586438012e+00
9.988847398645226416e-01
9.978225331577021961e-01
9.981649458835115674e-01
9.988637366060567624e-01
9.997955501518327459e-01
1.002359004371266238e+00
1.003556335846671033e+00
1.000828569292693038e+00
1.000367297614714879e+00
1.001670862489611125e+00
9.990428865478951925e-01
9.967834660993231122e-01
9.983262081473133209e-01
1.001037198172979981e+00
1.004682238653254345e+00
1.004631847546234802e+00
1.003696780133934485e+00
1.002644002889679253e+00
1.003074777715762922e+00
1.005067573707206341e+00
1.003788401227688976e+00
1.001982035129036275e+00
1.001142279814083436e+00
1.001777841388543866e+00
1.003648026084756451e+00
1.002534226423000385e+00
1.000960524485520420e+00
1.000564794513558509e+00
1.004031741768937280e+00
1.010392384615871997e+00
1.006753209998398013e+00
1.003165320195652521e+00
1.007106006868807357e+00
1.006893727361013235e+00
1.001954345464967311e+00
1.003605552591448680e+00
1.005743795255347850e+00
1.003602876753515005e+00
1.004601559868594673e+00
1.007592913694995485e+00
1.005842428782404818e+00
1.004835428734750069e+00
1.005726840678529799e+00
1.005626869850649419e+00
1.004368054258758747e+00
1.005446255240085129e+00
1.007611227610501592e+00
1.010347919207300382e+00
1.012926627524755929e+00
1.014673162045314658e+00
1.010670742997357152e+00
1.010080291355023974e+00
1.012859645817437038e+00
1.011467645293457451e+00
1.010459831531045793e+00
1.012632031357169948e+00
1.009592336128085854e+00
1.003669741094717516e+00
1.008044480516359531e+00
1.011388337313012808e+00
1.012768945163625034e+00
1.011244579125395449e+00
1.009383123832884088e+00
1.010085488281245336e+00
1.010443608154302009e+00
1.009633721905969672e+00
1.007333157822042358e+00
1.007174242955626076e+00
1.012563427466380395e+00
1.011695575993253993e+00
1.008922062011697429e+00
1.012152626613688433e+00
1.009169221888152279e+00
1.001322554985284663e+00
1.004741146418389963e+00
1.006751448805594418e+00
1.006406117300640668e+00
1.005354933010202512e+00
1.005227718699890582e+00
1.009614135717118000e+00
1.010111106689463467e+00
1.008580916557963114e+00
1.007376953784600015e+00
1.007050373779292407e+00
1.007600732252850850e+00
1.008184163336334205e+00
1.008835025741188218e+00
1.008500585324020538e+00
1.007678444736585632e+00
1.006952734237275493e+00
1.006637613481572657e+00
1.005902624111084442e+00
1.005727013095931932e+00
1.008807217986256166e+00
1.008129435596990309e+00
1.003164358223192387e+00
1.006409519481143766e+00
1.008551020919836283e+00
1.008633913326093978e+00
1.008465067466919995e+00
1.007944466238100745e+00
1.005961809283024921e+00
1.005741820638018647e+00
1.006321152671150188e+00
1.008152359287491917e+00
1.005847936269490539e+00
1.002333656416031671e+00
1.005557691560420519e+00
1.008633355698042910e+00
1.011031793277162638e+00
1.007885898193712215e+00
1.006547131897190583e+00
1.006418435370621367e+00
1.006992975338225627e+00
1.006129545936442327e+00
1.004139230965096941e+00
1.005331998546348249e+00
1.005210174397471734e+00
1.003370375719586427e+00
1.009167874434572898e+00
1.013539859801456888e+00
1.014563830209408435e+00
1.011965030512391284e+00
1.009825343595813552e+00
1.008341074989731911e+00
1.009981746838310546e+00
1.010419451027425808e+00
1.007719944200215156e+00
1.009375917058849215e+00
1.010385812866737343e+00
1.008942422222295132e+00
1.008193583512074110e+00
1.007657262402205767e+00
1.007534499577703802e+00
1.006146834699043868e+00
1.007625016600131262e+00
1.012963970553055759e+00
1.010939300306186839e+00
1.009570657033467711e+00
1.010178160047892515e+00
1.006728156394499418e+00
1.007900938291755866e+00
1.014219941739591624e+00
1.017177555921533916e+00
1.018070924646302888e+00
1.017070979587851642e+00
1.015097354652604533e+00
1.013443138746367378e+00
1.012764902455815186e+00
1.014859113861409590e+00
1.014718749050260493e+00
1.013593235716957919e+00
1.013031250193437094e+00
1.013464153568258697e+00
1.013300431884728070e+00
1.011432486594108671e+00
1.010712008930966910e+00
1.010189771066731801e+00
1.009768905291775321e+00
1.007062245514409593e+00
1.005849786486203490e+00
1.005414270763436368e+00
1.005445358498899822e+00
1.008337325235730608e+00
1.011649553444972760e+00
1.009716840893084333e+00
1.011637571621346821e+00
1.014118915156604128e+00
1.015327735640903839e+00
1.015255744209817568e+00
1.015845367827944656e+00
1.018555950754527650e+00
1.016142545012818754e+00
1.015250269178410658e+00
1.016642536792477625e+00
1.016175562863915083e+00
1.013107839981701064e+00
1.011457749137908424e+00
1.015789936462268450e+00
1.019735577880442889e+00
1.019537845400914744e+00
1.012921314949215557e+00
1.011185916530332296e+00
1.009261798989470993e+00
1.007067478478595568e+00
1.007456910571908226e+00
1.010222087297923066e+00
1.013619711296348314e+00
1.017015660691611423e+00
1.016592553658709708e+00
1.020139626953064926e+00
1.025088078404051029e+00
1.021556322265657180e+00
1.019742334780408211e+00
1.020301596236854236e+00
1.025101624120312138e+00
1.016609007259753339e+00
1.016286434814151596e+00
1.020833495822763837e+00
1.020584180715251588e+00
1.021245742019230907e+00
1.020537594882513055e+00
1.017969365792446013e+00
1.014189140674273792e+00
1.014712502215698420e+00
1.017286747120853541e+00
1.017219171038065806e+00
1.017356816705960565e+00
1.018607511664145981e+00
1.019679276186661543e+00
1.018591331259858013e+00
1.018834059340526732e+00
1.018423672531518775e+00
1.017799790039068508e+00
1.020139201229297354e+00
1.019388643855861698e+00
1.019018199103833400e+00
1.021813970779691161e+00
1.021811426642925014e+00
1.023254485102607969e+00
1.023937936197984122e+00
1.017030785358244760e+00
1.017629025857558656e+00
1.020162699797924510e+00
1.022145194038694305e+00
1.017450557780347431e+00
1.016302141735603293e+00
1.015868643970733620e+00
1.015616578306024920e+00
1.016973513422933628e+00
1.018762498250523008e+00
1.020515304666597345e+00
1.021882968312702644e+00
1.024909842442585983e+00
1.027734456413436082e+00
1.026855898770494324e+00
1.019899628410180004e+00
1.015459620637717553e+00
1.020586234907572276e+00
1.024190416148866634e+00
1.017613607336520065e+00
1.023282833127866276e+00
1.022141223779951869e+00
1.018629195075776206e+00
1.015945091756158991e+00
1.018499893465882877e+00
1.018299529289494298e+00
1.018391585804304000e+00
1.020810102113652640e+00
1.022084422940327642e+00
1.022340251538825351e+00
1.024669683430934786e+00
1.027376025834656037e+00
1.014025389441426395e+00
1.018624218195041786e+00
1.021265585715597446e+00
1.018407776489218541e+00
1.022155261458341569e+00
1.022850305286751915e+00
1.023697384495576568e+00
1.024146539405083045e+00
1.024274193975273972e+00
1.028889101495626068e+00
1.025311034545986821e+00
1.024156107103641578e+00
1.034059612613824619e+00
1.031837712303923960e+00
1.027613043222787237e+00
1.027484528071102687e+00
1.032207132804607852e+00
1.034339674771193707e+00
1.032655794933711846e+00
1.031835607998750071e+00
1.033059081422658787e+00
1.035287082186685303e+00
1.028605321751105084e+00
1.033540629016409973e+00
1.039990070890843832e+00
1.040611907019576954e+00
1.038103700645462535e+00
1.034192193327918341e+00
1.031720103358132246e+00
1.031160310708306049e+00
1.032693143107076494e+00
1.034069518580267300e+00
1.031529471246198870e+00
1.032199639121865520e+00
1.034588607482913369e+00
1.034832518901207088e+00
1.036592257917486881e+00
1.040922495056090913e+00
1.042793023794545526e+00
1.040460990462789503e+00
1.038233340351745415e+00
1.039142456338194354e+00
1.038073883097351935e+00
1.036565140877007574e+00
1.038718141548971463e+00
1.047248205414048838e+00
1.043519753528274308e+00
1.039022143523238295e+00
1.033747458075230163e+00
1.030567949995726540e+00
1.036897194472373496e+00
1.040849898437454346e+00
1.038031869373145177e+00
1.037080969674027298e+00
1.037585636579767545e+00
1.032508099987371253e+00
1.034896732169831246e+00
1.039958913999429857e+00
1.041589643857776970e+00
1.041498536068693248e+00
1.044113567781796981e+00
1.047516830964848822e+00
1.040878516954690358e+00
1.036843673198109439e+00
1.037777120295649391e+00
1.041927638065699213e+00
1.044320026461796669e+00
1.036393887231420008e+00
1.041648532662327709e+00
1.042932271054373361e+00
1.042199817632850412e+00
1.045771014412675504e+00
1.049104106613645282e+00
1.043063010282040626e+00
1.044799671706583055e+00
1.040428320683035368e+00
1.038547692337796979e+00
1.046138374135678673e+00
1.046745007071652189e+00
1.043815851966630515e+00
1.043778719894926876e+00
1.046006047829081798e+00
1.048267597656226569e+00
1.050013305630328020e+00
1.054394509417749370e+00
1.046933351629941056e+00
1.046825429575240385e+00
1.045735198410581379e+00
1.047755816698028974e+00
1.050988326373961002e+00
1.047894643004706250e+00
1.044940717941846620e+00
1.050755869814044008e+00
1.044757477202419071e+00
1.048854492187362597e+00
1.049756779701100040e+00
1.042327231613698224e+00
1.041017219154146023e+00
1.036912000606193818e+00
1.039545205414837303e+00
1.039812946188041209e+00
1.046270833445470005e+00
1.049866782310765245e+00
1.048385649269758968e+00
1.051173441877496062e+00
1.064008369172931179e+00
1.045375540132305048e+00
1.048535002453381715e+00
1.057769213923176910e+00
1.060077529890217196e+00
1.056232106476650223e+00
1.053341306368791752e+00
1.056641154508466407e+00
1.061354561340663860e+00
1.058923713475150796e+00
1.057423061162658495e+00
1.044704568196003880e+00
1.049156644954423401e+00
1.053523840297865721e+00
1.054228468533762175e+00
1.053436460033154498e+00
1.050325339884490061e+00
1.060182913932732340e+00
1.054859856702751841e+00
1.063913295681831350e+00
1.051763699463789337e+00
1.050041402650319089e+00
1.053714975568360135e+00
