8.108613227803032064e-01
8.084607232870807403e-01
8.056503672070666200e-01
8.040721622112328992e-01
8.054158180596604488e-01
8.060021329039765980e-01
8.065095947988406566e-01
8.084060317085393077e-01
8.053681491131302606e-01
8.036744945054850042e-01
8.024465645846692308e-01
8.016243293097415901e-01
8.005079863945905316e-01
8.016974273662804684e-01
8.023075293889381232e-01
8.014847160301344919e-01
8.002358405196632329e-01
7.980953769501745176e-01
7.974821241399434602e-01
7.981346718062645174e-01
8.002711306491192556e-01
7.986187435704105164e-01
7.984961995156574233e-01
7.996824840455873940e-01
7.979569168184106331e-01
7.991708619689076309e-01
8.005312671313731254e-01
8.007055433924841203e-01
8.005388194136324742e-01
8.002663776722100941e-01
8.004436327001795970e-01
7.982777666089159174e-01
7.977359012169596975e-01
7.964155905514269662e-01
7.895124415965042441e-01
7.919489478902803636e-01
7.946783892761000168e-01
7.938205336662725875e-01
7.945553115052725879e-01
7.952534133278904571e-01
7.960070517282340496e-01
7.974912794510471414e-01
7.986001043779267228e-01
7.997897618135840769e-01
8.000370674154040351e-01
8.003043289943414518e-01
8.014488126376266841e-01
8.012344864283866830e-01
7.992479508648621112e-01
7.966575388105023858e-01
7.967273054480747962e-01
7.964163060975673059e-01
7.956084172217222639e-01
7.950057676477092494e-01
7.969433351119782349e-01
7.998086462330036284e-01
8.016165348454982187e-01
8.037566342067714587e-01
8.050855197073532032e-01
8.046589701969725228e-01
8.046334621340840432e-01
8.044728223721102633e-01
8.065520732400534021e-01
8.069990562836393266e-01
8.059782726572874978e-01
8.088199873898984649e-01
8.104101970131959431e-01
8.091528237954618286e-01
8.098598777535117588e-01
8.099987636378622735e-01
8.077264649045343692e-01
8.072228511681764918e-01
8.074856753311367985e-01
8.077195398714501762e-01
8.080639058893785975e-01
8.089300275593502842e-01
8.126715814465605980e-01
8.138902384785396960e-01
8.116610176101319851e-01
8.108046824055628043e-01
8.104342849535883797e-01
8.107411248983920071e-01
8.121478792944508696e-01
8.136501797346786802e-01
8.146468815716758627e-01
8.161127842802087251e-01
8.176800131450181475e-01
8.167208652415305359e-01
8.155039227015816738e-01
8.181314776272905487e-01
8.206558396551163481e-01
8.227318740431939226e-01
8.258472469888185064e-01
8.292985991178201122e-01
8.285789196758279740e-01
8.291193926569649930e-01
8.314543346613463282e-01
8.323723075934990057e-01
8.342776693026381363e-01
8.393639126360122882e-01
8.407344660255775537e-01
8.405689710725208208e-01
8.402906119668747120e-01
8.406201455492452457e-01
8.425677318004115568e-01
8.426508333873290457e-01
8.418403364869149197e-01
8.453081440897872723e-01
8.481184778819538250e-01
8.492235906957112945e-01
8.512219689113199594e-01
8.529388037298191172e-01
8.560109823106791804e-01
8.582932744684835802e-01
8.578767722894746761e-01
8.587148038569138997e-01
8.602271498366731439e-01
8.605509469185135263e-01
8.614483191333439649e-01
8.660070684236480520e-01
8.683363870522760042e-01
8.684157993692881439e-01
8.706379957708511030e-01
8.711003235143026657e-01
8.711622361671617076e-01
8.737973670228050826e-01
8.758710377143130721e-01
8.763278498594271326e-01
8.772115630323606972e-01
8.792754553152559716e-01
8.811621616649216726e-01
8.830987381773084399e-01
8.843058317496865772e-01
8.844254841382885868e-01
8.854039486056755059e-01
8.864440863193224773e-01
8.860549969114328572e-01
8.864203781690976891e-01
8.865828351437010646e-01
8.908691483822770429e-01
8.947006148309328832e-01
8.923447154155514927e-01
8.921125435433241435e-01
8.957186996639421306e-01
8.974716792088857087e-01
8.985713904633861882e-01
8.981335109337647005e-01
8.975042069811109968e-01
8.983161848286229656e-01
8.998557731685405958e-01
9.016400742360444198e-01
9.036588429449825544e-01
9.055850754153241811e-01
9.059949905294830685e-01
9.054287940215657304e-01
9.043621772400279868e-01
9.080887433063984382e-01
9.131184352655119518e-01
9.118658522845785042e-01
9.114828601505118311e-01
9.135102150211342753e-01
9.114981476763759360e-01
9.068827744686371872e-01
9.111911415125598657e-01
9.162232128007550269e-01
9.164704962393215304e-01
9.182245553490914203e-01
9.209148253446222121e-01
9.207754491465667268e-01
9.194459250817554885e-01
9.212452215038359205e-01
9.243595462110376637e-01
9.282708140658089135e-01
9.295596890010309199e-01
9.288317503364713623e-01
9.299701465571976744e-01
9.319232851026373332e-01
9.315301664047650476e-01
9.309060960114572403e-01
9.312063647565049784e-01
9.325695136505360860e-01
9.342164341226775193e-01
9.339236044672009074e-01
9.334773338504035456e-01
9.394882390625880486e-01
9.434747063629442820e-01
9.427378347003697590e-01
9.429082101216386125e-01
9.435862802280475803e-01
9.456742479717223926e-01
9.474591822901405891e-01
9.478027239433856055e-01
9.499880901662596244e-01
9.544115523659582045e-01
9.594490987876513888e-01
9.651543993665535615e-01
9.657262921583893434e-01
9.667216825717006579e-01
9.693177485974766583e-01
9.696616916439468881e-01
9.689533086197482659e-01
9.704595698234361745e-01
9.705686849267742833e-01
9.612145589687683955e-01
9.572630964102504247e-01
9.596263133594283845e-01
9.663408319987250028e-01
9.755603817095896968e-01
9.725390185510842667e-01
9.686988606994513251e-01
9.664592774711016077e-01
9.677534418486231083e-01
9.716659810431569344e-01
9.763759366557549502e-01
9.808298745718526668e-01
9.833392185401261809e-01
9.838832828495814864e-01
9.815245138723439622e-01
9.815079601603845516e-01
9.802428060214005701e-01
9.776973479777477660e-01
9.778543727657897922e-01
9.808194476671568962e-01
9.859336647306287116e-01
9.928070172789964509e-01
9.940348027960581589e-01
9.946201804667421653e-01
9.981687793692464172e-01
9.998348420661700153e-01
9.991923109872680175e-01
9.964371553657082048e-01
9.925958697390525609e-01
9.967613435863095228e-01
9.999033534236738685e-01
1.000716397083829090e+00
1.001218286104707422e+00
1.000906044508847792e+00
1.001134786479821237e+00
1.003513124982458704e+00
1.010562972137894366e+00
1.012335758712147760e+00
1.009668639403195289e+00
1.010156875210277860e+00
1.012109042557305605e+00
1.007920527286943591e+00
1.008115759680030088e+00
1.014159725988861505e+00
1.010385209050312039e+00
1.005717157236609482e+00
1.009532882415095312e+00
1.011839865530117510e+00
1.013947821458873744e+00
1.014123041695799810e+00
1.013812095212107467e+00
1.017629532831969330e+00
1.018712956758210719e+00
1.017024838700809397e+00
1.014554685340336215e+00
1.012376236069060909e+00
1.016587551231129094e+00
1.019316057300048151e+00
1.017393267926776090e+00
1.019463040763360473e+00
1.021594555232626433e+00
1.019539824669976280e+00
1.020799001240913828e+00
1.022635424787607494e+00
1.026134038323700537e+00
1.030710660367460729e+00
1.029985189259992051e+00
1.029673662080199614e+00
1.031306136250746963e+00
1.032073879508653480e+00
1.033014918930760917e+00
1.034205885451746632e+00
1.034759533520130281e+00
1.034833513762635437e+00
1.035432769398979769e+00
1.036025943949097083e+00
1.035719473207092456e+00
1.035683638449646171e+00
1.037010965945228236e+00
1.039405746068488678e+00
1.040612320151987902e+00
1.039277876468449158e+00
1.037335952995462662e+00
1.035596422336768629e+00
1.030540805822715900e+00
1.027699129899679820e+00
1.029268558145609802e+00
1.030197819479239607e+00
1.034503228787102547e+00
1.034453171457171194e+00
1.034851928772339003e+00
1.038233936498704768e+00
1.039210199405987023e+00
1.039983970490768073e+00
1.039012973032071185e+00
1.038593060099753496e+00
1.039384277445611016e+00
1.039358054894262029e+00
1.041540650009852964e+00
1.046821530679725942e+00
1.046254199088802794e+00
1.045125680693561598e+00
1.044864820390899229e+00
1.042955684721460052e+00
1.038736112006684920e+00
1.036605979886494389e+00
1.036922718255481213e+00
1.037312607954517851e+00
1.038805450382498385e+00
1.040414692674985542e+00
1.041370916170627492e+00
1.042462469497723143e+00
1.043480443018371728e+00
1.043781557942076166e+00
1.043447594388859478e+00
1.044331092557091445e+00
1.040741254892203038e+00
1.037923315412139225e+00
1.041666591403903386e+00
1.041746441929716660e+00
1.038752574443149612e+00
1.040110346950463560e+00
1.039823777859029796e+00
1.039685860270211037e+00
1.042217653124547283e+00
1.042028460368770393e+00
1.040161039409206900e+00
1.039464817538325647e+00
1.038845128731443967e+00
1.037749044530013709e+00
1.041304671294599471e+00
1.045670386042713229e+00
1.043532957745612499e+00
1.040802866379813008e+00
1.039636058516316464e+00
1.038732689650863072e+00
1.036108776044210700e+00
1.032827394312666458e+00
1.033278625471319323e+00
1.035356884898514629e+00
1.040836567833549831e+00
1.042225333473582705e+00
1.038628553339088212e+00
1.033696292592153565e+00
1.032233110079878724e+00
1.031636821127413395e+00
1.032333715979218081e+00
1.036065237333225975e+00
1.038461715380944561e+00
1.034420929914146914e+00
1.031331782871169889e+00
1.030216662423987906e+00
1.031464134241438346e+00
1.030601677991062060e+00
1.028450565770536951e+00
1.029533723420736457e+00
1.028323735783531312e+00
1.025881116622004541e+00
1.030789448762474692e+00
1.034094527116247386e+00
1.032547015157003978e+00
1.034854766465554299e+00
1.031687599140874489e+00
1.026718640577862995e+00
1.027812732390796402e+00
1.028553287040924413e+00
1.027735600307789987e+00
1.031615007899241210e+00
1.028844458296329645e+00
1.023669099088312384e+00
1.028157506886979489e+00
1.031001672837041028e+00
1.031889442926824163e+00
1.028303809141667635e+00
1.023562879698944217e+00
1.019702255910678979e+00
1.022388324178574726e+00
1.019768416092902141e+00
1.015732870629512341e+00
1.013508038245633625e+00
1.010402384982532098e+00
1.008503540263231635e+00
1.011926632223245193e+00
1.017269779181530609e+00
1.021005629547475646e+00
1.023910747124848974e+00
1.022704902465798149e+00
1.020904500962862560e+00
1.022250858782291161e+00
1.023992244800182805e+00
1.020233063673486207e+00
1.013300946561548788e+00
1.013120109254477930e+00
1.016070865440220405e+00
1.017217280717587879e+00
1.014258109187973655e+00
1.014147252517508591e+00
1.013692844769624068e+00
1.011413623121634853e+00
1.010859706880180786e+00
1.012116314879458967e+00
1.015677705649340901e+00
1.015944126691067151e+00
1.016053370252295807e+00
1.018752630535480597e+00
1.023295542807197478e+00
1.024032937462112880e+00
1.023873786893950921e+00
1.021961791324918600e+00
1.016037893347974563e+00
1.010488976825034690e+00
1.013597502614796086e+00
1.017262743286419413e+00
1.018825702719821535e+00
1.014755476557388070e+00
1.014053723096553838e+00
1.011525073954549381e+00
1.009006879706772164e+00
1.014961702427874757e+00
1.016915644131895835e+00
1.014076655502740731e+00
1.015711452387816571e+00
1.013684134600920217e+00
1.014994730926985778e+00
1.017139265349300992e+00
1.018076652432668983e+00
1.013303972311279111e+00
1.010682517173826955e+00
1.016608580344828372e+00
1.014070348449110481e+00
1.016496355653354611e+00
1.019938648493927680e+00
1.016555337921217328e+00
1.019728799655811757e+00
1.023608603202834644e+00
1.020035396099938207e+00
1.027039249950280730e+00
1.031081347457556641e+00
1.028068259544395069e+00
1.024720201350003634e+00
1.019063879245491577e+00
1.015415048745832660e+00
1.016217133808011930e+00
1.011999498323692848e+00
1.011213586780028262e+00
1.011171734626735264e+00
1.011280699963969631e+00
1.014201516919115420e+00
1.017068517543077366e+00
1.018092339464437668e+00
1.014078531536423355e+00
1.014584996537154726e+00
1.020194696861515427e+00
1.027357785654707811e+00
1.025845601457346712e+00
1.022657920045427105e+00
1.018043650413617218e+00
1.015592171381661135e+00
1.019450980737238499e+00
1.017109152254299875e+00
1.015932634658213374e+00
1.021430188697684649e+00
1.024273502752903298e+00
1.026234455091622699e+00
1.027534521885353769e+00
1.026887309938051107e+00
1.021866800946226395e+00
1.023528804115659829e+00
1.028404163632619550e+00
1.024193986555691716e+00
1.021382636052714732e+00
1.023373843979194397e+00
1.026988268430926166e+00
1.015317017713071257e+00
1.018503219411779792e+00
1.019199554922546547e+00
1.022874230798078043e+00
1.035199801888245563e+00
1.029501940202260934e+00
1.023250722833261683e+00
1.019522680914878521e+00
1.019342460392238969e+00
1.018024024337778943e+00
1.016225667556403867e+00
1.019268256458351285e+00
1.029373150715926055e+00
1.025205004452597990e+00
1.025275723993822607e+00
1.026327466495551732e+00
1.021753116299824571e+00
1.022622543965156616e+00
1.022242520422431689e+00
1.023840323465740720e+00
1.030584686384277138e+00
1.034169966869189050e+00
1.037719911947870388e+00
1.033848942721420805e+00
1.026715878646130342e+00
1.030182937449727998e+00
1.031316223528556897e+00
1.031069878589129463e+00
1.032194384906294227e+00
1.029230356673668023e+00
1.031514001114628432e+00
1.033688834139900425e+00
1.035056846797434593e+00
1.030994646150417582e+00
1.028359702249219243e+00
1.026470492841720095e+00
1.027596223134803477e+00
1.032001657189123289e+00
1.031108037658188703e+00
1.032548279903074295e+00
1.036527143409872176e+00
1.036888961950964028e+00
1.034784935410645534e+00
1.034990243199005011e+00
1.035979909187178860e+00
1.033013418132171291e+00
1.028139356016474659e+00
1.039386497409556132e+00
1.042857937887431419e+00
1.040588466704312598e+00
1.039288970923723410e+00
1.040660622095683330e+00
1.042381416846391184e+00
1.045819682559695263e+00
1.047505971247320700e+00
1.047826507087067593e+00
1.049086303196660852e+00
1.042180563099926349e+00
1.047773908410300603e+00
1.048954200119772917e+00
1.046433472767742900e+00
1.044874568975525886e+00
1.048353478278563955e+00
1.048820975096906860e+00
1.045708537087817414e+00
1.048685762154767609e+00
1.058188597236107586e+00
1.044224189019573368e+00
1.043634189959243841e+00
1.048308606205076376e+00
1.051312962687138031e+00
1.053408106979425440e+00
1.054982435567618282e+00
1.058849580463846252e+00
1.052622644795686568e+00
1.052494437322155196e+00
1.055825589970193601e+00
1.055771716667297300e+00
1.060412425472207154e+00
1.060308653271512691e+00
1.063832358674444478e+00
1.064633169427778414e+00
1.056758139235035365e+00
1.058333744946821531e+00
1.058058905657687010e+00
1.060700337871444132e+00
1.057576198710176163e+00
1.051113007919024067e+00
1.046530216766936139e+00
1.055415659260270367e+00
1.053700132777411147e+00
1.055296694349516784e+00
1.058598513044723077e+00
1.057917209524784186e+00
1.057016540194999132e+00
1.058198634706030150e+00
1.055154693471652472e+00
1.060777488396276613e+00
1.060117806836615717e+00
1.056435292268738557e+00
1.057101514202434034e+00
1.066475991280572799e+00
1.061859348270999259e+00
1.057511170128727418e+00
1.056954536188304372e+00
1.059169500869270530e+00
1.061938942800104257e+00
1.067004290476265993e+00
1.063041601333563069e+00
1.067750756607591445e+00
1.066820375110378860e+00
1.060477856774925343e+00
1.059000370375533073e+00
1.065438332956483602e+00
1.068521556840056119e+00
1.061171372593535223e+00
1.068044459236713539e+00
1.071238373103829744e+00
1.074725194894122104e+00
1.070937157193547762e+00
1.067995013433048479e+00
1.075110921514990325e+00
1.067458336936928598e+00
1.063155890131661119e+00
1.066502564521057295e+00
1.060786112917959656e+00
1.057315204706197775e+00
1.061929015046897185e+00
1.066499945550636763e+00
1.070482949627611591e+00
1.076076066185173818e+00
1.081567188055381434e+00
1.086221446519366474e+00
1.076894799372534184e+00
1.083608316999884913e+00
1.088389960301987980e+00
1.083025915057073352e+00
1.080104223469168234e+00
1.088724899698138682e+00
1.083072014300957564e+00
1.082784760665873591e+00
1.086914959342448750e+00
1.087434026035229984e+00
1.086651205843559120e+00
